# N   Performance
  1   0.617057
  2   0.658863
  3   0.688127
  4   0.700669
  5   0.710702
  6   0.7199
  7   0.722408
  8   0.729097
  9   0.735786
 10   0.741639
 11   0.744983
 12   0.748328
 13   0.750836
 14   0.752508
 15   0.753344
 16   0.757525
 17   0.760033
 18   0.76087
 19   0.763378
 20   0.764214
 21   0.764214
 22   0.76505
 23   0.765886
 24   0.766722
 25   0.767559
 26   0.769231
 27   0.770903
 28   0.774247
 29   0.775084
 30   0.77592
 31   0.77592
 32   0.777592
 33   0.777592
 34   0.777592
 35   0.778428
 36   0.780936
 37   0.784281
 38   0.784281
 39   0.787625
 40   0.787625
 41   0.788462
 42   0.789298
 43   0.790134
 44   0.790134
 45   0.79097
 46   0.79097
 47   0.792642
 48   0.793478
 49   0.795151
 50   0.796823
